channel[2]: uid: 
   0033000b4853500720353041
channel[2] config:
   dac_threshold: 1398
   dac_voltage: 2620

channel[2] monitor:
   aux_temp: 0.000000
   ext_temp: 296.531000
   vcca: 0.000000

channel[2] run start:
   year: 2025
   second: 15187413
   microsecond: 962133

channel[2] run stop:
   year: 2025
   second: 15187535
   microsecond: 75132

channel[2] run stats:
   counts: 55785
   overflows: 0
   duration_ms: 121084
   rate: 460.713224
