channel[3]: uid: 
   0025000f4853500520353041
channel[3] config:
   dac_threshold: 1392
   dac_voltage: 2620

channel[3] monitor:
   aux_temp: 0.000000
   ext_temp: 296.593000
   vcca: 0.000000

channel[3] run start:
   year: 2025
   second: 15187413
   microsecond: 967437

channel[3] run stop:
   year: 2025
   second: 15187535
   microsecond: 66437

channel[3] run stats:
   counts: 48962
   overflows: 0
   duration_ms: 121068
   rate: 404.417352
