channel[6]: uid: 
   002400084853500520353041
channel[6] config:
   dac_threshold: 1394
   dac_voltage: 2620

channel[6] monitor:
   aux_temp: 0.000000
   ext_temp: 296.406000
   vcca: 0.000000

channel[6] run start:
   year: 2025
   second: 15187413
   microsecond: 962815

channel[6] run stop:
   year: 2025
   second: 15187535
   microsecond: 129815

channel[6] run stats:
   counts: 53401
   overflows: 0
   duration_ms: 121140
   rate: 440.820538
